% Fonction 6

function [outputA, outputB, outputC] = initABC()
    outputA = [81 89 52; 90 47 25; 34 12 68];
    outputB = [46 90 4; 29 17 68; 31 19 73];
    outputC = [75 62; 43 99; 20 36];
end