function [A, B, C] = initABC()
    A = [81 89 52; 90 47 25; 34 12 68];
    B = [46 90 4; 29 17 68; 31 19 73];
    C = [75 62; 43 99; 20 36];
end